1
3 6 3 3
4 9 3 3
5 10 3 3
6 12 3 3
7 16 3 3
8 19 3 3
10 29 3 3
20 90 3 3
21 95 3 3
5 20 4 3
6 25 4 3
8 42 4 3
3 12 5 3
5 38 5 3
6 47 5 3
3 18 6 3
5 50 6 3
3 22 7 3
5 70 7 3
3 31 8 3
3 36 9 3
3 43 10 3
3 49 11 3
3 57 12 3
3 5 4 4
5 6 4 4
6 8 4 4
8 9 4 4
3 7 5 4
4 8 5 4
5 10 5 4
6 11 5 4
7 12 5 4
8 14 5 4
3 6 5 5
6 7 5 5
8 8 5 5
11 9 5 5
13 10 5 5
18 11 5 5
23 12 5 5
28 13 5 5
3 7 6 5
4 8 6 5
6 9 6 5
7 10 6 5
8 11 6 5
10 12 6 5
4 7 6 6
8 8 6 6
13 9 6 6
18 10 6 6
4 8 7 6
6 9 7 6
8 10 7 6
11 11 7 6