PHF3C := [[3.40119738166216,11],[3.58351893845611,12],[3.61091791264422,13],[3.63758615972639,14],[3.91202300542815,15],[4.40671924726425,17],[4.4188406077966,18],[4.43081679884331,19],[4.60517018598809,20],[4.61512051684126,21],[4.62497281328427,22],[4.63472898822964,23],[4.969813299576,24],[5.4971682252932,26],[5.50125821054473,27],[6.59167373200866,28],[6.59304453414244,29],[6.59441345974978,30],[6.59578051396131,31],[6.60123011872888,32],[6.60258789218934,33],[6.60394382460047,34],[6.6052979209482,35],[6.61069604471776,36],[6.61204103483309,37],[6.61338421837956,38],[6.61472560020376,39],[6.73459165997295,40],[6.73578001424233,41],[7.19443685110033,42],[7.19518732017871,43],[7.19593722647557,44],[7.19668657083435,45],[7.2848209125686,46],[7.28550654852279,47],[7.28619171470238,48],[8.31776616671934,49],[8.31801027754687,50],[8.31825432879885,51],[8.31849832050434,52],[8.3187422526924,53],[8.31898612539206,54],[8.31922993863233,55],[8.83331693749932,56],[8.83346272071993,57],[8.83360848269089,58],[8.8337542234184,59],[9.59164939020659,60],[9.59171768455526,61],[9.59178597424013,62],[9.88751059801299,63],[9.88756140198587,64],[9.88761220337784,65],[9.88766300218916,66],[9.88771379842009,67],[9.88776459207089,68],[9.88781538314183,69],[11.0903548889591,70],[11.0903701476318,71],[11.0903854060716,72],[11.0904006642786,73],[11.0904159222528,74],[11.0904311799942,75],[11.0904464375028,76],[11.0905684891918,77],[11.0905837446056,78],[11.0905989997867,79],[11.7777559166658,80],[11.7777635899967,81],[11.7777712632688,82],[11.777778936482,83],[11.7777866096363,84],[11.7777942827317,85],[11.7778019557683,86],[11.777809628746,87],[11.777886355285,88],[11.7778940276151,89],[13.1833474640173,90]];
PHF3G := [[1.79175946922806,3],[2.30258509299405,5],[2.484906649788,6],[2.77258872223978,7],[2.94443897916644,8],[3.36729582998647,10]];
PHF3D := [[1.09861228866811,1],[1.38629436111989,2],[2.19722457733622,4],[3.29583686600433,9],[4.39444915467244,16],[5.49306144334055,25]];
plotsetup(ps,plotoutput=`phf3.ps`,plotoptions=`portrait,noborder,width=4in,height=3in`):
plot([PHF3C, PHF3D, PHF3G],style=POINT,colour=black,symbolsize=32,symbol=[DIAMOND,BOX,CROSS,CIRCLE],title="3-PHFs with 3 symbols",labels=[`Log(Number of Columns)`,`Rows`],labeldirections=[HORIZONTAL,VERTICAL]);

PHF4C := [[2.30258509299405,12],[2.39789527279837,16],[2.484906649788,17],[2.56494935746154,21],[2.77258872223978,24],[2.89037175789616,28],[2.94443897916644,33],[2.99573227355399,36],[3.29583686600433,40],[4.15888308335967,42],[4.17438726989564,48],[4.18965474202643,55],[4.39444915467244,56],[4.40671924726425,63],[4.4188406077966,70],[4.43081679884331,77],[4.44265125649032,84],[4.56434819146784,89],[4.85203026391962,96],[4.85981240436167,103],[4.86753445045558,108],[4.88280192258637,115],[4.969813299576,119],[4.97673374242057,127],[4.98360662170834,135],[5.08759633523238,136],[5.09375020080676,144],[5.12989871492307,147],[5.19295685089021,154],[5.19849703126583,162],[5.37527840768417,166],[6.23832462503951,168],[6.24027584517077,177],[6.24222326545517,187],[6.24416690066374,197],[6.24610676548156,207],[6.24804287450843,217],[6.59167373200866,224],[6.59304453414244,234],[6.59441345974978,244],[7.70165236264223,252],[7.70210434005105,264],[7.70255611326858,276],[7.70300768247924,288],[8.31776616671934,294],[8.31801027754687,306],[8.31825432879885,319],[8.31849832050434,332],[8.34877453979127,336],[8.349011198176,349],[8.34924780056679,362],[8.49984355308112,364],[8.50004703258127,377],[8.50025047068593,390],[8.78889830934488,392],[8.78905071352105,405],[8.78920309447372,418],[8.83331693749932,429],[8.83346272071993,442],[8.83360848269089,455],[9.01091334727929,462],[9.01103541014182,475],[9.01115745810682,480],[9.01140150935879,493],[9.01152351265303,507],[9.01164550106428,512],[9.01188943325234,516],[9.88751059801299,520],[9.88756140198587,535],[11.6754693941555,546],[11.6754778939069,563],[11.675486393586,580],[11.6754948931929,597],[11.6755033927276,614],[11.7777559166658,627],[11.7777635899967,644],[11.7777712632688,661],[11.777778936482,678],[11.7777866096363,695],[11.7777942827317,712],[11.7778019557683,729],[11.777809628746,746],[13.1833474640173,760]];
PHF4G := [[1.6094379124341,3],[1.79175946922806,5],[2.07944154167984,6],[2.19722457733622,8]];
PHF4D := [[1.38629436111989,1]];
plotsetup(ps,plotoutput=`phf4.ps`,plotoptions=`portrait,noborder,width=4in,height=3in`):
plot([PHF4C, PHF4D, PHF4G],style=POINT,colour=black,symbolsize=32,symbol=[DIAMOND,BOX,CROSS,CIRCLE],title="4-PHFs with 4 symbols",labels=[`Log(Number of Columns)`,`Rows`],labeldirections=[HORIZONTAL,VERTICAL]);

PHF5C := [[2.63905732961526,35],[2.70805020110221,42],[2.77258872223978,49],[2.83321334405622,56],[2.89037175789616,64],[2.94443897916644,72],[2.99573227355399,78],[3.04452243772342,87],[3.09104245335832,96],[3.13549421592915,105],[3.17805383034795,114],[3.2188758248682,123],[3.25809653802148,132],[3.3322045101752,139],[3.36729582998647,149],[3.40119738166216,159],[3.43398720448515,170],[3.46573590279973,182],[3.49650756146648,194],[4.79579054559674,198],[4.80402104473326,222],[4.81218435537242,246],[4.82028156560504,270],[4.8283137373023,294],[5.12989871492307,308],[5.13579843705026,333],[5.14166355650266,358],[5.14749447681345,383],[5.15329159449778,408],[5.15905529921453,433],[5.16478597392351,458],[5.17048399503815,483],[5.17614973257383,508],[5.18178355029209,533],[5.54517744447956,539],[5.54907608489522,567],[5.55295958492162,595],[5.66642668811243,616],[5.66988092298052,644],[5.67332326717149,672],[5.67675380226828,700],[5.68017260901707,728],[5.68357976733868,756],[5.68697535633982,784],[5.88887795833288,792],[5.89164421182577,820],[5.89440283426485,848],[5.89715386763674,876],[5.89989735358249,904],[5.90263333340137,932],[5.90536184805457,960],[5.90808293816893,988],[5.91079664404053,1016],[5.91350300563827,1044],[5.91889385427315,1062],[5.92692602597041,1086],[6.17378610390194,1100],[6.17586727010576,1128],[6.2709884318583,1155],[6.27287700654617,1183],[6.27476202124194,1211],[6.27664348934164,1239],[6.27852142416584,1267],[6.2803958389602,1295],[6.39692965521615,1298],[6.39859493453521,1326],[6.4377516497364,1353],[6.4393503711001,1381],[7.19368581839511,1386],[7.19443685110033,1428],[7.19518732017871,1470],[7.19593722647557,1513],[7.19668657083435,1557],[7.19743535409659,1602],[7.19818357710194,1648],[7.32712329225929,1694],[7.49108759353488,1727],[7.49498623395053,1755],[7.49886973397693,1783],[7.61233683716775,1804],[7.61283103040736,1853],[7.61332497954064,1902],[7.61381868480863,1951],[7.68063742756094,1980],[7.68340368105383,2008],[7.68386398025643,2057],[7.68432406768116,2106],[7.68478394352278,2155],[9.59158109119348,2178],[9.59164939020659,2238],[9.59171768455526,2298],[9.59178597424013,2359],[9.59185425926183,2421],[9.59192253962101,2484],[9.59199081531831,2547],[9.6566274746046,2583],[9.65669147255669,2646],[9.6567554664133,2709],[9.65681945617496,2772],[9.65688344184219,2835],[9.65694742341552,2898],[9.88756140198587,2919],[9.88761220337784,2983],[9.88766300218916,3048],[9.88771379842009,3114],[10.1018874899594,3129],[10.10192849121,3199],[10.1019694907795,3269],[10.1020104886681,3339],[10.2597974298461,3388],[10.2598324420129,3458],[10.2598674529538,3528],[10.3019616134554,3570],[10.3019951800768,3640],[10.3020287455715,3710],[10.3020623099395,3780],[10.3972077083992,3822],[10.3972382255117,3892],[10.3972687416929,3962],[10.3972992569429,4032],[10.3973297712617,4102],[11.6754693941555,4158],[11.6754778939069,4238],[11.675486393586,4318],[11.6754948931929,4398],[11.6755033927276,4478],[11.67551189219,4558],[11.6755203915802,4638],[11.6755288908981,4718],[11.6755373901438,4798],[11.6755458893172,4878],[11.6755543884184,4958],[11.6755628874474,5038],[11.6755713864042,5118],[11.6755798852887,5198],[13.7359488179406,5270]];
PHF5G := [[1.79175946922806,3],[1.94591014905531,6],[2.07944154167984,8],[2.19722457733622,11],[2.30258509299405,13],[2.39789527279837,18],[2.484906649788,23],[2.56494935746154,28]];
PHF5D := [[1.6094379124341,1]];
plotsetup(ps,plotoutput=`phf5.ps`,plotoptions=`portrait,noborder,width=4in,height=3in`):
plot([PHF5C, PHF5D, PHF5G],style=POINT,colour=black,symbolsize=32,symbol=[DIAMOND,BOX,CROSS,CIRCLE],title="5-PHFs with 5 symbols",labels=[`Log(Number of Columns)`,`Rows`],labeldirections=[HORIZONTAL,VERTICAL]);

PHF6C := [[2.39789527279837,30],[2.484906649788,46],[2.56494935746154,63],[2.63905732961526,84],[2.70805020110221,108],[2.77258872223978,132],[2.83321334405622,156],[2.89037175789616,184],[2.94443897916644,212],[2.99573227355399,245],[3.04452243772342,281],[3.09104245335832,321],[3.13549421592915,361],[3.17805383034795,401],[3.2188758248682,441],[3.25809653802148,481],[3.29583686600433,521],[3.3322045101752,561],[3.36729582998647,603],[3.40119738166216,645],[3.43398720448515,687],[3.46573590279973,729],[3.49650756146648,771],[3.52636052461616,813],[3.55534806148941,855],[3.58351893845611,897],[3.61091791264422,939],[3.63758615972639,981],[3.66356164612965,1023],[3.68887945411394,1065],[3.71357206670431,1107],[3.73766961828337,1149],[3.76120011569356,1191],[3.78418963391826,1233],[3.80666248977032,1275],[3.8286413964891,1317],[3.85014760171006,1359],[3.87120101090789,1401],[3.89182029811063,1443],[3.91202300542815,1485],[3.93182563272433,1527],[3.95124371858143,1569],[3.97029191355212,1611],[3.98898404656427,1653],[4.00733318523247,1695],[4.02535169073515,1737],[4.04305126783455,1779],[4.06044301054642,1821],[4.07753744390572,1863],[4.0943445622221,1905],[4.11087386417331,1947],[4.12713438504509,1989],[4.14313472639153,2031],[4.15888308335967,2073],[5.54517744447956,2112],[5.54907608489522,2280],[5.55295958492162,2448],[5.66642668811243,2496],[5.66988092298052,2664],[5.67332326717149,2832],[5.67675380226828,3000],[5.68017260901707,3168],[5.68357976733868,3336],[5.88887795833288,3392],[5.89164421182577,3560],[5.89440283426485,3728],[5.89715386763674,3896],[5.89989735358249,4064],[5.90263333340137,4232],[5.90536184805457,4400],[5.90808293816893,4568],[5.91079664404053,4736],[5.91350300563827,4904],[5.91620206260744,5072],[5.91889385427315,5240],[5.92157841964382,5408],[5.92425579741453,5576],[5.92692602597041,5744],[6.2709884318583,5776],[6.27287700654617,6000],[6.27476202124194,6224],[6.27664348934164,6448],[6.27852142416584,6672],[6.2803958389602,6896],[6.4377516497364,7056],[6.4393503711001,7280],[6.44094654063292,7504],[6.4425401664682,7728],[6.44413125670044,7952],[6.44571981938558,8176],[6.59167373200866,8336],[6.59304453414244,8560],[6.59441345974978,8794],[6.59578051396131,9038],[6.59714570188665,9290],[6.59850902861452,9542],[6.73459165997295,9648],[6.73578001424233,9900],[6.73696695800186,10152],[6.73815249459596,10404],[6.73933662735717,10656],[6.74051935960622,10908],[6.86797440897029,10992],[6.86901445066571,11244],[6.87005341179813,11496],[6.93147180559945,11664],[6.93244789157251,11916],[6.93342302573071,12168],[6.93439720992856,12420],[6.93537044601511,12672],[6.93634273583405,12924],[6.93731408122368,13176],[6.93828448401696,13428],[6.93925394604151,13680],[6.94022246911964,13932],[6.94119005506837,14184],[7.16703787691222,14352],[7.16780918431644,14604],[7.16857989726403,14856],[7.22183582528845,15024],[7.22256601882217,15276],[7.22329567956231,15528],[7.22402480828583,15780],[7.22475340576797,16032],[7.22548147278229,16284],[7.22620901010067,16536],[7.22693601849329,16788],[7.22766249872865,17040],[7.2283884515736,17292],[7.2291138777933,17544],[7.42714413340862,17712],[7.42773884053289,17964],[7.42833319419081,18216],[7.42892719480227,18468],[7.42952084278646,18720],[7.4301141385618,18972],[7.52240023138712,19056],[7.52294091807237,19308],[7.5234813125735,19560],[7.52402141520612,19812],[7.52456122628536,20064],[7.5251007461258,20316],[7.52563997504154,20568],[7.52617891334615,20820],[7.52671756135271,21072],[10.3019616134554,21297],[10.3019951800768,21843],[10.3020287455715,22389],[10.3972077083992,22599],[10.3972382255117,23145],[10.3972687416929,23691],[10.3972992569429,24237],[10.3973297712617,24783],[10.3973602846495,25329],[10.3973907971062,25875],[10.3974213086319,26421],[10.3974518192267,26967],[10.3974823288906,27513],[10.7505568153683,27807],[10.7505782486091,28353],[10.7505996813906,28899],[10.8327537379327,29109],[10.8327734799051,29655],[10.8327932214878,30201],[10.8328129626807,30747],[10.832832703484,31293],[10.8328524438976,31839],[10.8328721839214,32385],[10.8328919235557,32931],[10.8329116628002,33477],[11.0903548889591,33792],[11.1407162001129,34317],[11.1407307093735,34863],[11.1407452184235,35409],[11.140759727263,35955],[11.140774235892,36501],[11.2836003470807,36921],[11.2836129245105,37467],[11.2836255017821,38013],[11.2836380788955,38559],[11.2836506558508,39105],[11.2836632326478,39651],[11.3328533762249,39936],[11.3328653491899,40482],[11.3328773220116,41028],[11.33288929469,41574],[11.332901267225,42120],[11.5504428051302,42129],[11.5504524368609,42675],[11.550462068499,43221],[11.5504717000442,43767],[11.5504813314967,44313],[11.6754608943319,44733],[11.6754693941555,45279],[11.6754778939069,45825],[11.675486393586,46388],[11.6754948931929,46968],[11.6755033927276,47565],[11.67551189219,48179],[11.6755203915802,48806],[11.6755288908981,49433],[11.6755373901438,50060],[11.6755458893172,50687],[11.6755543884184,51314],[11.6755628874474,51941],[11.6755713864042,52568],[11.6755798852887,53195],[11.675588384101,53822],[11.7777559166658,54272],[11.7777635899967,54899],[11.7777712632688,55543],[11.777778936482,56204],[11.7777866096363,56882],[11.7777942827317,57577],[11.7778019557683,58289],[11.777809628746,59018],[11.7778173016648,59764],[11.7778249745248,60524],[11.7778326473258,61284],[11.777840320068,62044],[15.4005904068402,62514]];
PHF6G := [[1.94591014905531,4],[2.07944154167984,8],[2.19722457733622,13],[2.30258509299405,18]];
PHF6D := [[1.79175946922806,1]];
plotsetup(ps,plotoutput=`phf6.ps`,plotoptions=`portrait,noborder,width=4in,height=3in`):
plot([PHF6C, PHF6D, PHF6G],style=POINT,colour=black,symbolsize=32,symbol=[DIAMOND,BOX,CROSS,CIRCLE],title="6-PHFs with 6 symbols",labels=[`Log(Number of Columns)`,`Rows`],labeldirections=[HORIZONTAL,VERTICAL]);

